-64,-49
-64,-48
-63,-49
-63,-48
-63,-47
-62,-49
-62,-48
-62,-47
-61,-50
-61,-48
-61,-47
-60,-50
-60,-49
-60,-48
-60,47
-60,48
-59,-49
-59,46
-59,47
-59,48
-58,46
-58,47
-58,48
-57,46
-57,47
-57,49
-56,47
-56,48
-56,49
-55,48
-48,-34
-47,-35
-46,-42
-46,-35
-46,33
-45,-59
-45,-57
-45,-43
-45,-42
-45,-41
-45,-35
-45,-32
-45,34
-44,-58
-44,-57
-44,-35
-44,-34
-44,-33
-44,34
-43,-58
-43,31
-43,34
-42,-43
-42,-42
-42,-41
-42,32
-42,33
-42,34
-42,55
-41,-43
-41,-41
-41,55
-41,57
-40,-43
-40,-42
-40,-41
-40,55
-40,56
-39,-63
-39,-62
-38,-63
-38,-62
-38,-61
-38,-45
-38,-39
-38,41
-37,-64
-37,-62
-37,-61
-37,-44
-37,-40
-37,39
-37,43
-36,-64
-36,-63
-36,-62
-36,-44
-36,-40
-36,40
-36,42
-35,-63
-35,-47
-35,-44
-35,-40
-35,-37
-35,41
-35,62
-34,-46
-34,-45
-34,-44
-34,-40
-34,-39
-34,-38
-34,63
-33,38
-33,39
-33,43
-33,44
-33,63
-32,38
-32,39
-32,40
-32,42
-32,43
-32,44
-32,60
-32,63
-31,-47
-31,-17
-31,37
-31,39
-31,40
-31,42
-31,43
-31,45
-31,61
-31,62
-31,63
-30,-48
-30,-18
-30,-16
-30,37
-30,38
-30,39
-30,43
-30,44
-30,45
-29,-48
-29,16
-29,38
-29,44
-28,-55
-28,-54
-28,-48
-28,-45
-28,-18
-28,-17
-28,-16
-28,15
-28,17
-27,-55
-27,-48
-27,-47
-27,-46
-27,-17
-26,15
-26,16
-26,17
-26,46
-26,47
-25,-21
-25,-20
-25,-14
-25,-13
-25,16
-25,46
-25,47
-25,48
-24,-22
-24,-21
-24,-20
-24,-14
-24,-13
-24,-12
-24,45
-24,47
-24,48
-23,-56
-23,-55
-23,-54
-23,-22
-23,-21
-23,-19
-23,-15
-23,-13
-23,-12
-23,12
-23,13
-23,19
-23,20
-23,45
-23,46
-23,47
-22,-62
-22,-61
-22,-56
-22,-53
-22,-52
-22,-48
-22,-47
-22,-21
-22,-20
-22,-19
-22,-15
-22,-14
-22,-13
-22,11
-22,12
-22,13
-22,19
-22,20
-22,21
-22,46
-21,-63
-21,-62
-21,-61
-21,-55
-21,-54
-21,-53
-21,-49
-21,-48
-21,-47
-21,-20
-21,-14
-21,11
-21,12
-21,14
-21,18
-21,20
-21,21
-20,-63
-20,-62
-20,-60
-20,-54
-20,-49
-20,-48
-20,-46
-20,12
-20,13
-20,14
-20,18
-20,19
-20,20
-20,53
-19,-62
-19,-61
-19,-60
-19,-48
-19,-47
-19,-46
-19,13
-19,19
-19,53
-19,55
-18,-61
-18,-47
-18,-25
-18,-24
-18,46
-18,53
-18,54
-18,60
-17,-25
-17,-24
-17,-23
-17,45
-17,59
-16,-26
-16,-24
-16,-23
-16,-14
-16,23
-16,24
-16,45
-16,54
-16,59
-15,-26
-15,-25
-15,-24
-15,-15
-15,22
-15,23
-15,24
-15,45
-15,48
-15,53
-15,54
-15,59
-15,62
-14,-25
-14,-15
-14,13
-14,22
-14,23
-14,25
-14,45
-14,46
-14,47
-14,53
-14,55
-14,59
-14,60
-14,61
-13,-15
-13,14
-13,23
-13,24
-13,25
-12,-15
-12,-12
-12,14
-12,24
-11,-15
-11,-14
-11,-13
-11,14
-10,11
-10,14
-9,-41
-9,12
-9,13
-9,14
-8,-40
-7,-40
-7,40
-6,-43
-6,-40
-6,-34
-6,-33
-6,39
-5,-42
-5,-41
-5,-40
-5,-34
-5,-7
-5,-6
-5,-5
-5,39
-4,32
-4,33
-4,39
-4,42
-3,4
-3,5
-3,6
-3,33
-3,39
-3,40
-3,41
-1,-34
-1,-33
-1,-32
0,-41
0,-40
0,-36
0,-35
0,-32
0,-27
0,-26
1,-41
1,-40
1,-39
1,-35
1,-34
1,-33
1,-27
1,-26
1,-25
1,-13
1,-8
1,-7
1,-6
1,31
1,32
1,33
2,-42
2,-40
2,-39
2,-34
2,-28
2,-26
2,-25
2,-12
2,-8
2,-7
2,-6
2,25
2,26
2,31
2,34
2,35
2,39
2,40
3,-42
3,-41
3,-40
3,-28
3,-27
3,-26
3,-14
3,-13
3,-12
3,5
3,6
3,7
3,12
3,24
3,25
3,26
3,32
3,33
3,34
3,38
3,39
3,40
4,-41
4,-27
4,5
4,6
4,7
4,11
4,24
4,25
4,27
4,33
4,38
4,39
4,41
5,-8
5,-7
5,-6
5,11
5,12
5,13
5,25
5,26
5,27
5,39
5,40
5,41
6,-18
6,-8
6,-6
6,26
6,40
7,-17
7,-8
7,-7
7,-6
7,5
7,6
7,7
8,-19
8,-18
8,-17
8,5
8,7
8,17
9,-10
9,-4
9,5
9,6
9,7
9,16
10,-9
10,-5
10,16
10,17
10,18
11,-9
11,-5
11,3
11,9
12,-12
12,-9
12,-5
12,-2
12,4
12,8
13,-11
13,-10
13,-9
13,-5
13,-4
13,-3
13,4
13,8
14,-25
14,1
14,4
14,8
14,11
15,-24
15,-15
15,2
15,3
15,4
15,8
15,9
15,10
16,-24
16,-16
16,-15
16,24
17,-27
17,-24
17,-17
17,-16
17,14
17,23
18,-26
18,-25
18,-24
18,-16
18,14
18,15
18,23
19,-14
19,15
19,16
19,23
19,26
20,-14
20,15
20,23
20,24
20,25
21,13
22,-19
22,-18
22,13
23,-19
23,-9
23,-8
24,-9
24,-8
24,-7
24,17
24,18
25,-10
25,-8
25,-7
25,7
25,8
25,18
26,-10
26,-9
26,-8
26,6
26,7
26,8
27,-9
27,6
27,7
27,9
28,7
28,8
28,9
29,8
31,-23
31,-14
31,-9
32,-24
32,-18
32,-15
32,-10
33,-24
33,-17
33,-16
33,-15
33,-10
33,8
33,13
33,22
34,-24
34,-21
34,-10
34,-7
34,9
34,14
34,17
34,23
35,-24
35,-23
35,-22
35,-10
35,-9
35,-8
35,9
35,14
35,15
35,16
35,23
36,6
36,9
36,20
36,23
37,7
37,8
37,9
37,21
37,22
37,23
