1,33
2,33
2,32
2,31
3,30
4,31
4,30
5,37
5,36
6,36
7,37
8,37
8,36
10,37
10,36
10,28
10,26
10,23
10,21
11,37
11,35
11,28
11,25
11,21
12,36
12,30
12,29
12,25
12,23
12,21
13,39
13,38
13,37
13,29
13,28
13,27
13,25
14,39
14,32
14,31
14,25
14,24
14,15
14,14
14,13
15,32
15,31
15,26
15,25
15,16
15,12
16,32
16,31
16,27
16,17
16,11
17,32
17,31
17,29
17,27
17,18
17,14
17,10
18,32
18,31
18,29
18,27
18,18
18,10
18,4
18,3
19,18
19,16
19,12
19,10
19,4
19,3
20,22
20,21
20,17
20,16
20,12
20,11
21,29
21,28
21,23
21,21
22,33
22,32
22,29
22,28
22,23
22,3
22,2
23,34
23,32
23,24
23,23
23,3
24,34
24,2
24,1
24,0
25,35
25,34
25,14
25,0
26,20
26,19
26,17
26,15
26,13
27,20
27,18
27,17
27,15
27,14
27,12
28,12
29,12
29,11
