-8,-18
-7,-18
-6,-18
4,-18
5,-18
6,-18
-8,-17
-5,-17
4,-17
7,-17
-8,-16
-1,-16
4,-16
-8,-15
-2,-15
-1,-15
0,-15
4,-15
-8,-14
-2,-14
0,-14
1,-14
4,-14
-8,-13
-1,-13
0,-13
1,-13
4,-13
-7,-12
-4,-12
-1,-12
0,-12
1,-12
5,-12
-5,-11
-1,-11
0,-11
1,-11
-4,-10
2,-10
3,-10
-3,-9
-2,-9
-3,-8
-2,-7
-1,-7
-12,-6
-3,-6
-1,-6
1,-6
10,-6
-13,-5
-7,-5
-5,-5
-3,-5
-1,-5
1,-5
2,-5
5,-5
11,-5
-13,-4
-7,-4
-6,-4
-5,-4
-1,-4
1,-4
3,-4
4,-4
5,-4
11,-4
-13,-3
-12,-3
-11,-3
-10,-3
-9,-3
-7,-3
-3,-3
-2,-3
1,-3
5,-3
7,-3
8,-3
9,-3
10,-3
11,-3
-5,-2
-3,-2
0,-2
1,-2
3,-2
-6,-1
-5,-1
-3,-1
-1,-1
1,-1
3,-1
4,-1
-5,0
-3,0
-2,0
1,0
3,0
-13,1
-12,1
-11,1
-10,1
-9,1
-7,1
-3,1
0,1
1,1
5,1
7,1
8,1
9,1
10,1
11,1
-13,2
-7,2
-6,2
-5,2
-3,2
-1,2
3,2
4,2
5,2
11,2
-13,3
-7,3
-4,3
-3,3
-1,3
1,3
3,3
5,3
11,3
-12,4
-3,4
-1,4
1,4
10,4
-1,5
0,5
1,6
0,7
1,7
-5,8
-4,8
2,8
-3,9
-2,9
-1,9
3,9
-7,10
-3,10
-2,10
-1,10
2,10
5,10
-6,11
-3,11
-2,11
-1,11
6,11
-6,12
-3,12
-2,12
0,12
6,12
-6,13
-2,13
-1,13
0,13
6,13
-6,14
-1,14
6,14
-9,15
-6,15
3,15
6,15
-8,16
-7,16
-6,16
4,16
5,16
6,16
