4,-14
3,-13
4,-13
5,-13
-2,-12
-1,-12
0,-12
5,-12
6,-12
-3,-11
0,-11
1,-11
2,-11
5,-11
7,-11
8,-11
-4,-10
0,-10
2,-10
5,-10
7,-10
-4,-9
1,-9
3,-9
5,-9
7,-9
9,-9
10,-9
-2,-8
3,-8
5,-8
9,-8
10,-8
-14,-7
-13,-7
-12,-7
-11,-7
-5,-7
-3,-7
2,-7
6,-7
8,-7
9,-7
10,-7
-14,-6
-10,-6
-9,-6
-7,-6
-5,-6
-4,-6
-3,-6
-1,-6
0,-6
10,-6
11,-6
-14,-5
-8,-5
-7,-5
-1,-5
-13,-4
-10,-4
-9,-4
-7,-4
-4,-4
-1,-4
1,-4
2,-4
-7,-3
-5,-3
-3,-3
-1,-3
1,-3
3,-3
9,-3
10,-3
11,-3
12,-3
-13,-2
-10,-2
-9,-2
-7,-2
-4,-2
-1,-2
2,-2
3,-2
5,-2
7,-2
8,-2
12,-2
-14,-1
-8,-1
-7,-1
-3,-1
-1,-1
1,-1
5,-1
6,-1
12,-1
-14,0
-10,0
-9,0
-7,0
-5,0
-4,0
-1,0
2,0
5,0
7,0
8,0
11,0
-14,1
-13,1
-12,1
-11,1
-5,1
-3,1
-1,1
1,1
3,1
5,1
-4,2
-3,2
-1,2
2,2
5,2
7,2
8,2
11,2
-1,3
5,3
6,3
12,3
-13,4
-12,4
-2,4
-1,4
1,4
2,4
3,4
5,4
7,4
8,4
12,4
-12,5
-11,5
-10,5
-8,5
-4,5
1,5
3,5
9,5
10,5
11,5
12,5
-12,6
-11,6
-7,6
-5,6
0,6
-12,7
-11,7
-9,7
-7,7
-5,7
-3,7
2,7
-9,8
-7,8
-4,8
-2,8
2,8
-10,9
-9,9
-7,9
-4,9
-3,9
-2,9
1,9
-8,10
-7,10
-2,10
-1,10
0,10
-7,11
-6,11
-5,11
-6,12
