-44,-32
-43,-32
-42,-32
-24,-32
-23,-32
-22,-32
5,-32
10,-32
11,-32
12,-32
30,-32
31,-32
32,-32
50,-32
51,-32
52,-32
-49,-31
-48,-31
-46,-31
-45,-31
-43,-31
-23,-31
-21,-31
-20,-31
-18,-31
-17,-31
4,-31
5,-31
6,-31
9,-31
12,-31
25,-31
26,-31
28,-31
29,-31
31,-31
51,-31
53,-31
54,-31
56,-31
57,-31
-49,-30
-48,-30
-43,-30
-41,-30
-40,-30
-26,-30
-25,-30
-23,-30
-18,-30
-17,-30
-3,-30
-2,-30
-1,-30
4,-30
6,-30
7,-30
12,-30
25,-30
26,-30
31,-30
33,-30
34,-30
48,-30
49,-30
51,-30
56,-30
57,-30
-50,-29
-47,-29
-43,-29
-41,-29
-39,-29
-27,-29
-25,-29
-23,-29
-19,-29
-16,-29
-4,-29
-1,-29
5,-29
6,-29
7,-29
8,-29
12,-29
24,-29
27,-29
31,-29
33,-29
35,-29
47,-29
49,-29
51,-29
55,-29
58,-29
-43,-28
-41,-28
-39,-28
-37,-28
-36,-28
-30,-28
-29,-28
-27,-28
-25,-28
-23,-28
-1,-28
5,-28
6,-28
7,-28
12,-28
31,-28
33,-28
35,-28
37,-28
38,-28
44,-28
45,-28
47,-28
49,-28
51,-28
-45,-27
-41,-27
-39,-27
-37,-27
-36,-27
-30,-27
-29,-27
-27,-27
-25,-27
-21,-27
-5,-27
-1,-27
9,-27
11,-27
29,-27
33,-27
35,-27
37,-27
38,-27
44,-27
45,-27
47,-27
49,-27
53,-27
-44,-26
-42,-26
-40,-26
-38,-26
-37,-26
-36,-26
-30,-26
-29,-26
-28,-26
-26,-26
-24,-26
-22,-26
-5,-26
-1,-26
30,-26
32,-26
34,-26
36,-26
37,-26
38,-26
44,-26
45,-26
46,-26
48,-26
50,-26
52,-26
-1,-25
4,-25
-40,-24
-39,-24
-38,-24
-28,-24
-27,-24
-26,-24
-4,-24
-2,-24
4,-24
34,-24
35,-24
36,-24
46,-24
47,-24
48,-24
-40,-23
-39,-23
-38,-23
-36,-23
-34,-23
-32,-23
-30,-23
-28,-23
-27,-23
-26,-23
4,-23
34,-23
35,-23
36,-23
38,-23
40,-23
42,-23
44,-23
46,-23
47,-23
48,-23
-39,-22
-38,-22
-37,-22
-36,-22
-35,-22
-33,-22
-31,-22
-30,-22
-29,-22
-28,-22
-27,-22
35,-22
36,-22
37,-22
38,-22
39,-22
41,-22
43,-22
44,-22
45,-22
46,-22
47,-22
-34,-21
-32,-21
4,-21
40,-21
42,-21
-34,-20
-33,-20
-32,-20
4,-20
40,-20
41,-20
42,-20
-37,-19
-35,-19
-31,-19
-29,-19
4,-19
37,-19
39,-19
43,-19
45,-19
-39,-17
-38,-17
-36,-17
-35,-17
-34,-17
-32,-17
-31,-17
-30,-17
-28,-17
-27,-17
4,-17
35,-17
36,-17
38,-17
39,-17
40,-17
42,-17
43,-17
44,-17
46,-17
47,-17
-39,-16
-27,-16
4,-16
35,-16
47,-16
-40,-15
-37,-15
-29,-15
-26,-15
4,-15
34,-15
37,-15
45,-15
48,-15
-40,-14
-35,-14
-31,-14
-26,-14
34,-14
39,-14
43,-14
48,-14
-35,-13
-31,-13
4,-13
39,-13
43,-13
-41,-12
-40,-12
-39,-12
-38,-12
-37,-12
-36,-12
-30,-12
-29,-12
-28,-12
-27,-12
-26,-12
-25,-12
4,-12
33,-12
34,-12
35,-12
36,-12
37,-12
38,-12
44,-12
45,-12
46,-12
47,-12
48,-12
49,-12
-42,-11
-41,-11
-33,-11
-25,-11
-24,-11
4,-11
32,-11
33,-11
41,-11
49,-11
50,-11
-34,-10
-32,-10
40,-10
42,-10
-34,-9
-33,-9
-32,-9
-19,-9
-9,-9
4,-9
17,-9
27,-9
40,-9
41,-9
42,-9
-21,-8
-20,-8
-19,-8
-18,-8
-10,-8
-9,-8
-8,-8
-7,-8
4,-8
15,-8
16,-8
17,-8
18,-8
26,-8
27,-8
28,-8
29,-8
-45,-7
-25,-7
-24,-7
-22,-7
-21,-7
-17,-7
-11,-7
-7,-7
-6,-7
-4,-7
-3,-7
4,-7
11,-7
12,-7
14,-7
15,-7
19,-7
25,-7
29,-7
30,-7
32,-7
33,-7
53,-7
-47,-6
-46,-6
-45,-6
-44,-6
-25,-6
-24,-6
-21,-6
-17,-6
-11,-6
-7,-6
-4,-6
-3,-6
11,-6
12,-6
15,-6
19,-6
25,-6
29,-6
32,-6
33,-6
52,-6
53,-6
54,-6
55,-6
-51,-5
-50,-5
-48,-5
-47,-5
-43,-5
-39,-5
-26,-5
-23,-5
-15,-5
-13,-5
-5,-5
-2,-5
10,-5
13,-5
21,-5
23,-5
31,-5
34,-5
47,-5
51,-5
55,-5
56,-5
58,-5
59,-5
-51,-4
-50,-4
-47,-4
-41,-4
-40,-4
-39,-4
-38,-4
-18,-4
-15,-4
-13,-4
-10,-4
18,-4
21,-4
23,-4
26,-4
46,-4
47,-4
48,-4
49,-4
55,-4
58,-4
59,-4
-52,-3
-49,-3
-41,-3
-37,-3
-19,-3
-18,-3
-17,-3
-15,-3
-13,-3
-11,-3
-10,-3
-9,-3
17,-3
18,-3
19,-3
21,-3
23,-3
25,-3
26,-3
27,-3
45,-3
49,-3
57,-3
60,-3
-43,-2
-40,-2
-38,-2
46,-2
48,-2
51,-2
-42,-1
-34,-1
-33,-1
-32,-1
-17,-1
-16,-1
-12,-1
-11,-1
19,-1
20,-1
24,-1
25,-1
40,-1
41,-1
42,-1
50,-1
-31,0
-30,0
-17,0
-16,0
-12,0
-11,0
19,0
20,0
24,0
25,0
38,0
39,0
-35,1
-30,1
-17,1
-15,1
-13,1
-11,1
19,1
21,1
23,1
25,1
38,1
43,1
-35,2
-30,2
-18,2
-17,2
-15,2
-13,2
-11,2
-10,2
18,2
19,2
21,2
23,2
25,2
26,2
38,2
43,2
-35,3
-31,3
-18,3
-17,3
-15,3
-13,3
-11,3
-10,3
18,3
19,3
21,3
23,3
25,3
26,3
39,3
43,3
-33,4
-15,4
-13,4
21,4
23,4
41,4
-19,5
-9,5
17,5
27,5
-18,6
-10,6
18,6
26,6
-19,9
27,9
-18,10
-17,10
25,10
26,10
-19,11
-18,11
26,11
27,11
-56,37
-55,37
-54,37
-36,37
-35,37
-34,37
-61,38
-60,38
-58,38
-57,38
-55,38
-35,38
-33,38
-32,38
-30,38
-29,38
-61,39
-60,39
-55,39
-53,39
-52,39
-38,39
-37,39
-35,39
-30,39
-29,39
-62,40
-59,40
-55,40
-53,40
-51,40
-39,40
-37,40
-35,40
-31,40
-28,40
-55,41
-53,41
-51,41
-49,41
-48,41
-42,41
-41,41
-39,41
-37,41
-35,41
-6,41
-4,41
12,41
14,41
-57,42
-53,42
-51,42
-49,42
-48,42
-42,42
-41,42
-39,42
-37,42
-33,42
-5,42
-4,42
12,42
13,42
-56,43
-54,43
-52,43
-50,43
-49,43
-48,43
-42,43
-41,43
-40,43
-38,43
-36,43
-34,43
-5,43
13,43
-52,45
-51,45
-50,45
-40,45
-39,45
-38,45
-52,46
-51,46
-50,46
-48,46
-46,46
-44,46
-42,46
-40,46
-39,46
-38,46
-16,46
-15,46
-14,46
22,46
23,46
24,46
-51,47
-50,47
-49,47
-48,47
-47,47
-45,47
-43,47
-42,47
-41,47
-40,47
-39,47
-20,47
-18,47
-17,47
-13,47
21,47
25,47
26,47
28,47
-46,48
-44,48
-21,48
-20,48
-19,48
-15,48
-14,48
-13,48
-10,48
-9,48
-8,48
16,48
17,48
18,48
21,48
22,48
23,48
27,48
28,48
29,48
-46,49
-45,49
-44,49
-22,49
-18,49
-13,49
-12,49
-11,49
-9,49
-7,49
15,49
17,49
19,49
20,49
21,49
26,49
30,49
-49,50
-47,50
-43,50
-41,50
-21,50
-13,50
-8,50
16,50
21,50
29,50
-12,51
-11,51
19,51
20,51
-51,52
-50,52
-48,52
-47,52
-46,52
-44,52
-43,52
-42,52
-40,52
-39,52
-51,53
-39,53
-52,54
-49,54
-41,54
-38,54
-52,55
-47,55
-43,55
-38,55
-47,56
-43,56
33,56
34,56
35,56
53,56
54,56
55,56
-53,57
-52,57
-51,57
-50,57
-49,57
-48,57
-42,57
-41,57
-40,57
-39,57
-38,57
-37,57
28,57
29,57
31,57
32,57
34,57
54,57
56,57
57,57
59,57
60,57
-54,58
-53,58
-37,58
-36,58
28,58
29,58
34,58
36,58
37,58
51,58
52,58
54,58
59,58
60,58
-45,59
27,59
30,59
34,59
36,59
38,59
50,59
52,59
54,59
58,59
61,59
-47,60
-46,60
-44,60
-43,60
-31,60
-21,60
34,60
36,60
38,60
40,60
41,60
47,60
48,60
50,60
52,60
54,60
-46,61
-44,61
-33,61
-32,61
-31,61
-30,61
-22,61
-21,61
-20,61
-19,61
32,61
36,61
38,61
40,61
41,61
47,61
48,61
50,61
52,61
56,61
-57,62
-45,62
-37,62
-36,62
-34,62
-33,62
-29,62
-23,62
-19,62
-18,62
-16,62
-15,62
33,62
35,62
37,62
39,62
40,62
41,62
47,62
48,62
49,62
51,62
53,62
55,62
-59,63
-58,63
-57,63
-56,63
-37,63
-36,63
-33,63
-29,63
-23,63
-19,63
-16,63
-15,63
-63,64
-62,64
-60,64
-59,64
-55,64
-51,64
-38,64
-35,64
-27,64
-25,64
-17,64
-14,64
37,64
38,64
39,64
49,64
50,64
51,64
-63,65
-62,65
-59,65
-53,65
-52,65
-51,65
-50,65
-30,65
-27,65
-25,65
-22,65
37,65
38,65
39,65
41,65
43,65
45,65
47,65
49,65
50,65
51,65
-64,66
-61,66
-53,66
-49,66
-31,66
-30,66
-29,66
-27,66
-25,66
-23,66
-22,66
-21,66
38,66
39,66
40,66
41,66
42,66
44,66
46,66
47,66
48,66
49,66
50,66
-55,67
-52,67
-50,67
2,67
3,67
5,67
6,67
43,67
45,67
-54,68
-29,68
-28,68
-24,68
-23,68
2,68
3,68
5,68
6,68
43,68
44,68
45,68
-29,69
-28,69
-24,69
-23,69
40,69
42,69
46,69
48,69
-42,70
-41,70
-29,70
-27,70
-25,70
-23,70
-47,71
-46,71
-41,71
-40,71
-30,71
-29,71
-27,71
-25,71
-23,71
-22,71
38,71
39,71
41,71
42,71
43,71
45,71
46,71
47,71
49,71
50,71
-47,72
-46,72
-42,72
-41,72
-30,72
-29,72
-27,72
-25,72
-23,72
-22,72
38,72
50,72
-47,73
-46,73
-42,73
-27,73
-25,73
37,73
40,73
48,73
51,73
-31,74
-21,74
37,74
42,74
46,74
51,74
-30,75
-22,75
42,75
46,75
36,76
37,76
38,76
39,76
40,76
41,76
47,76
48,76
49,76
50,76
51,76
52,76
35,77
36,77
44,77
52,77
53,77
43,78
45,78
20,79
30,79
43,79
44,79
45,79
18,80
19,80
20,80
21,80
29,80
30,80
31,80
32,80
14,81
15,81
17,81
18,81
22,81
28,81
32,81
33,81
35,81
36,81
56,81
14,82
15,82
18,82
22,82
28,82
32,82
35,82
36,82
55,82
56,82
57,82
58,82
13,83
16,83
24,83
26,83
34,83
37,83
50,83
54,83
58,83
59,83
61,83
62,83
21,84
24,84
26,84
29,84
49,84
50,84
51,84
52,84
58,84
61,84
62,84
2,85
3,85
5,85
6,85
20,85
21,85
22,85
24,85
26,85
28,85
29,85
30,85
48,85
52,85
60,85
63,85
2,86
3,86
5,86
6,86
49,86
51,86
54,86
22,87
23,87
27,87
28,87
43,87
44,87
45,87
53,87
22,88
23,88
27,88
28,88
41,88
42,88
22,89
24,89
26,89
28,89
41,89
46,89
21,90
22,90
24,90
26,90
28,90
29,90
41,90
46,90
21,91
22,91
24,91
26,91
28,91
29,91
42,91
46,91
24,92
26,92
44,92
20,93
30,93
21,94
29,94
-24,96
-22,96
-23,97
-22,97
30,97
-23,98
28,98
29,98
29,99
30,99
2,103
3,103
5,103
6,103
2,104
3,104
5,104
6,104
2,121
3,121
5,121
6,121
2,122
3,122
5,122
6,122
-10,127
-9,128
-8,128
-10,129
-9,129
15,129
17,129
15,130
16,130
16,131
2,139
3,139
5,139
6,139
2,140
3,140
5,140
6,140
