7,1
7,2
8,2
9,2
10,3
9,4
10,4
3,5
4,5
4,6
3,7
3,8
4,8
3,10
4,10
12,10
14,10
17,10
19,10
3,11
5,11
12,11
15,11
19,11
4,12
10,12
11,12
15,12
17,12
19,12
1,13
2,13
3,13
11,13
12,13
13,13
15,13
1,14
8,14
9,14
15,14
16,14
25,14
26,14
27,14
8,15
9,15
14,15
15,15
24,15
28,15
8,16
9,16
13,16
23,16
29,16
8,17
9,17
11,17
13,17
22,17
26,17
30,17
8,18
9,18
11,18
13,18
22,18
30,18
36,18
37,18
22,19
24,19
28,19
30,19
36,19
37,19
18,20
19,20
23,20
24,20
28,20
29,20
11,21
12,21
17,21
19,21
7,22
8,22
11,22
12,22
17,22
37,22
38,22
6,23
8,23
16,23
17,23
37,23
6,24
38,24
39,24
40,24
5,25
6,25
26,25
40,25
20,26
21,26
23,26
25,26
27,26
20,27
22,27
23,27
25,27
26,27
28,27
28,28
28,29
29,29
