0,-16
1,-16
2,-16
-1,-15
2,-15
-7,-14
-6,-14
-5,-14
2,-14
7,-14
8,-14
9,-14
-7,-13
-4,-13
-2,-13
2,-13
7,-13
10,-13
-7,-12
-4,-12
-2,-12
2,-12
7,-12
10,-12
-9,-11
2,-11
5,-11
7,-11
9,-11
10,-11
11,-11
-9,-10
-8,-10
-5,-10
-4,-10
-1,-10
1,-10
6,-10
12,-10
-11,-9
6,-9
7,-9
10,-9
11,-9
12,-9
-11,-8
-10,-8
-9,-8
-7,-8
-5,-8
-4,-8
7,-8
14,-8
-13,-7
-4,-7
6,-7
8,-7
12,-7
13,-7
14,-7
-13,-6
-12,-6
-11,-6
-5,-6
6,-6
15,-6
-16,-5
-14,-5
12,-5
14,-5
15,-5
16,-5
-17,-4
-16,-4
-15,-4
-14,-4
-13,-4
-11,-4
16,-4
-18,-3
-17,-3
-10,-3
12,-3
13,-3
14,-3
15,-3
16,-3
-19,-2
-18,-2
-13,-2
-12,-2
7,-2
9,-2
-18,-1
-16,-1
-12,-1
-9,-1
7,-1
10,-1
14,-1
16,-1
-11,0
-9,0
10,0
11,0
16,0
17,0
-18,1
-17,1
-16,1
-15,1
-14,1
8,1
15,1
16,1
-18,2
9,2
11,2
12,2
13,2
14,2
15,2
-18,3
-17,3
-16,3
-14,3
12,3
14,3
-17,4
-8,4
3,4
9,4
10,4
11,4
-16,5
-15,5
-14,5
-10,5
-8,5
2,5
11,5
-16,6
-9,6
2,6
3,6
5,6
7,6
8,6
9,6
-14,7
-13,7
-12,7
-9,7
-8,7
9,7
-14,8
-8,8
-3,8
-1,8
2,8
3,8
6,8
7,8
-13,9
-12,9
-11,9
-9,9
-7,9
-4,9
7,9
-12,10
-9,10
-4,10
0,10
2,10
5,10
-12,11
-9,11
-4,11
0,11
2,11
5,11
-11,12
-10,12
-9,12
-4,12
3,12
4,12
5,12
-4,13
-1,13
-4,14
-3,14
-2,14
